9256
8362
3148
4586
9009
9303
9067
3594
618
2338
649
6626
5224
6601
4894
4840
1644
183
9384
2805
4024
9385
1547
2224
8087
3987
5242
2256
8441
6571
1210
9829
7983
5389
6992
7716
756
8029
8286
6614
3518
2444
7992
3997
2802
3270
6415
4873
5584
3607
9375
9744
8756
5659
9571
5723
4865
1284
1477
3973
7863
3216
3475
4533
3244
8608
9388
5457
9415
9668
2276
2379
67
867
4700
1537
5533
6676
2534
690
3304
8967
1118
6531
2340
1355
2610
3341
6777
3991
8164
8040
4409
2389
3102
4676
8287
9979
8442
4673
630
3296
2136
4685
7643
4759
4268
1912
8540
4849
9236
9395
1366
7226
3864
3104
5320
4348
9805
4903
866
3003
9790
3873
9467
8716
1593
4255
598
9897
508
6218
8817
4728
9578
4193
1506
5186
1377
5239
694
8465
2754
3032
5334
7593
6972
8739
4459
7598
1309
3168
3660
8697
2949
8061
9681
991
9237
7126
9594
1923
3058
6510
81
6069
9265
3195
8246
5996
7399
6972
4447
2176
1954
3983
4246
4652
3895
3374
4512
3733
950
4203
9018
318
2998
7255
4678
5089
5644
3958
5690
644
560
3880
7383
3063
8046
9557
9108
4525
6288
4827
4704
4922
6041
6419
7407
5243
4827
2670
2053
7267
7787
9541
2708
24
2191
3571
9092
5929
4527
7566
2724
790
5414
1119
9300
1641
1385
6641
1387
3046
6454
5719
3899
3388
4410
3852
2476
1233
1543
9174
4820
6650
6256
7359
252
516
7190
3782
8944
1088
5552
3115
8337
1554
380
5055
3439
9970
1084
1468
2928
7754
4058
3022
350
5123
8502
5313
6964
7760
8132
9685
8850
9565
6409
530
3148
3277
2185
9253
5333
3465
8385
8153
5215
5865
5407
364
3280
7115
8071
2127
1233
1969
7216
6431
454
8874
5579
9687
6582
9792
8497
9587
3563
1042
6086
1373
1227
4726
1086
7094
9957
8684
9770
2739
2943
7088
6511
8569
1161
1049
6362
533
9818
8783
2206
7064
5271
7525
7691
9176
657
598
7608
1734
6321
7163
3901
3660
6297
8630
2566
5958
9000
5484
3324
909
3096
7421
1718
4367
9499
6774
9904
1504
2206
5748
9353
8568
9390
8219
889
6705
3409
2467
3540
5717
9763
3840
1427
137
9419
7417
7979
363
4609
3789
4846
926
6854
8244
5593
5458
7418
6278
8916
2828
2448
7233
6140
6441
4849
6112
3478
893
7611
3756
3043
4066
2304
5567
6872
2831
7307
4200
1891
7233
3939
7489
9656
635
7640
3621
8478
7611
3782
9348
8005
2298
3048
4274
4233
6658
9161
9132
3935
7539
9807
3284
2206
3661
3258
5436
6396
1081
5106
7577
5976
6025
6592
7618
6930
2340
6769
7122
8730
3729
593
4042
5931
6733
4881
3850
5392
3043
4019
8189
9017
3018
8708
3958
1529
6715
2589
6589
8320
8196
9577
4753
9739
2900
2673
9904
9234
6074
9988
7367
5478
9663
3182
6987
5778
6199
3594
5095
6149
8715
3426
5331
3421
5170
4072
9040
1343
1501
6615
5113
8540
3971
8288
3007
2963
9290
7016
4620
1085
4558
4163
8136
4476
8808
3022
2919
9445
4129
5361
9453
9458
1105
7415
6293
5935
6049
1177
9399
812
2794
9951
9791
8895
6387
142
5078
2412
9329
9721
3419
7113
826
4239
2941
4939
8284
3948
2920
4160
6563
4611
7645
7609
4453
2540
9972
2668
6666
791
887
8021
994
1506
5694
9681
7743
8135
6807
9851
6140
7482
744
4941
587
877
2754
2051
7151
3016
932
5691
1610
8625
5563
7709
7024
2233
3356
6409
7872
4847
5994
3987
6514
5168
6514
6029
1802
1931
8214
1571
5372
4096
256
172
447
6864
5575
6390
8961
5655
1954
9364
3536
206
1552
9686
6968
7639
1723
5374
2366
2498
9657
1308
6461
9101
7549
3125
5291
8954
7660
411
7315
6949
4375
5477
2494
7657
3952
356
1772
7019
7478
2893
8679
518
9293
8652
5052
949
6469
8077
2983
4854
1561
2088
1811
1318
6973
3538
8405
1452
7312
9398
2148
3761
4541
9910
4803
2122
14
5260
9147
9107
9181
8363
2417
1175
8151
6692
8360
6453
5433
5587
3139
2226
9129
4470
3089
6379
7804
2936
6726
3817
5530
6951
7963
5563
3489
5813
4535
7018
1233
6060
9195
1868
854
4610
171
2507
7945
5429
5380
2998
2010
2214
3431
5530
7990
9718
2670
3631
8606
9469
2125
3119
5030
1743
9535
2150
5411
729
1609
7117
670
363
4838
9859
5631
4998
5252
5912
3547
7185
5425
8751
416
4355
2837
2207
6931
9544
3212
859
1526
299
5003
5781
4291
6561
3581
8947
3018
3987
907
1091
2115
1996
2005
7050
8849
2471
5889
2438
6851
8244
1174
1866
225
8285
8070
5274
3813
3937
6679
9323
6914
5270
4215
452
7899
1769
1316
2034
6095
1516
9597
4481
5513
5984
2861
5951
3942
1924
2134
7862
1062
4582
1699
7816
20
1354
2754
8651
4519
7781
3100
918
5555
4914
7634
3108
4397
1065
5559
408
6408
6217
6467
4372
8176
6980
8435
7998
1582
7091
1435
4975
1355
9519
6920
5769
5324
1394
329
9710
4158
1392
7687
2526
90
3830
4963
6572
7110
4182
6898
8982
9185
1524
2606
4077
1104
8856
4382
4686
4927
6485
5091
4464
9510
9149
7597
78
4112
1360
6232
7977
918
6708
5741
3878
9230
7998
3026
1643
358
3782
6841
397
7301
2044
407
1382
2732
7305
3970
2622
7996
8729
7804
7984
914
4204
5799
1546
4092
4640
5795
2772
9990
8657
4269
5758
8050
6203
2420
3400
133
2828
3986
7950
6001
176
2453
144
3365
5637
6400
2939
8353
3204
165
5545
5837
9793
5336
8068
2975
2781
1141
7128
7727
3955
6241
6555
2421
1548
6802
8578
5183
3406
4183
2577
8801
6370
6913
4995
242
1278
3067
1918
3262
1500
3539
9352
9312
610
7167
5471
4982
5862
7755
3066
4866
5345
20
3531
3867
550
9606
512
8693
8808
7434
6823
5112
3514
4907
8726
4947
1630
1184
6836
1883
8194
7503