771
2535
9304
8813
628
6635
8076
4593
1908
9481
7687
3154
9039
1000
3074
7527
7392
4761
3984
3536
7216
8826
7167
5614
9214
8256
5725
8069
591
1074
8629
9668
7397
3806
6570
5498
1119
4238
7265
5861
5342
4805
387
5849
1293
8086
9306
2103
7845
4710
6356
7826
5134
1330
1261
3496
698
655
6887
2712
5774
1659
6452
9387
5005
1650
9384
4566
6528
1091
177
6738
8889
4870
8115
5692
6156
714
7440
8853
3935
8407
4498
8267
3134
8614
5157
7930
2960
9536
43
8956
6629
6793
9265
3755
543
7129
6907
1322
2672
2967
5274
895
7424
5743
6253
8320
9141
9495
3621
4256
4447
5240
5937
2927
4544
2217
6917
5140
5832
6103
8989
6836
3259
3326
2260
6240
3611
9195
8211
1920
4303
5803
447
3374
9859
2550
609
8352
6497
9868
2728
8532
5451
5813
3113
3749
663
5934
9672
9344
1561
4666
735
4888
1252
8322
393
4675
5874
4813
1965
1774
8499
5083
4519
3246
7848
5004
8946
9843
3957
8691
3983
414
7414
9707
4468
9443
104
4824
3704
7409
2760
7303
6061
7197
2377
9902
9177
3206
6749
8592
4034
4699
8983
6625
9090
8221
6520
7325
5408
6381
5513
9498
5651
3890
1084
1087
4844
8787
7618
2708
6883
9120
3562
3553
524
9244
1137
4384
2944
8513
2552
1372
3786
8473
2475
9445
3967
5599
2501
6338
2388
2683
6241
1975
948
2758
2912
1387
3738
2113
1966
8365
9844
9139
9861
384
6170
6845
1648
8954
7475
9902
1114
5711
5478
2349
6069
2034
6743
6769
1317
7551
5233
37
9292
2669
1363
6252
5283
8681
4385
3230
892
5397
26
984
7474
1399
1614
5239
7277
4471
6497
1341
9150
9477
8392
8783
4351
9545
5281
8048
9632
4100
8339
1297
1256
5435
5745
1067
8122
7110
6991
1068
365
9373
3715
1751
6861
9059
5680
4404
4579
4653
1311
8419
2297
3638
157
4463
3872
8039
5328
7434
3627
6053
8129
6366
4167
5610
7644
7421
1148
8222
3252
9798
9953
2823
4392
1631
3971
7271
8780
66
4281
9038
9751
7924
5406
2463
8146
1396
3224
8376
2166
2667
9976
3194
8321
6254
6417
1679
6469
8408
2692
3387
7070
7657
8325
7402
1117
4410
6287
278
6516
6567
6260
909
6355
6450
6490
2134
9251
6567
8510
4239
6479
4128
5292
9071
5838
9097
6963
3878
7933
3730
5918
6349
8288
9613
7591
2272
6467
3717
6897
5568
8477
7569
7252
9216
1829
8576
9654
6084
8840
7149
4816
8706
7504
771
8796
2511
9589
5125
9532
5086
745
7397
6698
2623
3090
1620
5013
4889
1567
9271
3954
4919
3269
6818
7381
8183
6946
947
1872
9346
6236
3895
2030
1649
7714
2591
6182
7571
7635
3019
3696
8634
6143
4412
9213
1506
9262
1462
7027
1996
1269
7352
2450
1371
8907
3173
874
8303
8186
7637
8181
4000
2674
2619
3793
9459
9386
1418
213
5078
3187
3251
800
2600
4528
3559
1183
6009
7629
3813
3367
7392
3156
2270
8924
3384
6333
920
3148
1163
7599
9232
6606
8046
6666
8833
6684
4432
125
5456
5762
2057
2657
6642
4532
9290
7229
7730
6215
9563
4714
4867
9683
5170
4300
1088
3631
9204
3620
3308
5373
5183
1953
5734
3039
9556
5728
5382
8236
6641
8082
6211
2877
9950
5911
4661
6749
156
5021
1003
9716
3561
7952
5440
8493
4193
7511
8424
882
6965
7977
184
5313
3042
824
1784
9367
8130
8997
7225
9180
3272
5080
8236
4187
5083
3351
5653
8861
7517
3610
4965
608
7688
193
4571
5518
5647
7735
8155
5230
2102
8121
90
2955
7439
8610
4095
1245
2176
8638
1194
9852
1916
104
3647
4303
3817
3120
9521
5234
3
3970
9313
3072
6967
7310
4156
4098
8173
3893
4572
9131
5539
5407
350
6404
9723
2610
6665
2519
8743
5336
9574
449
4921
4685
1389
3783
7063
9907
9701
2195
9384
9624
3108
4428
3958
2292
4259
7293
1632
398
6443
3806
187
9594
1029
743
2048
3831
3244
5216
2420
2411
1175
7259
4171
9147
3124
1248
3451
7858
8606
9448
9404
8148
3056
4913
3436
9326
9075
1723
2182
2465
1615
3269
4507
5572
1942
8251
3521
5831
1319
1161
2104
4345
3007
1279
8842
4833
9236
7156
5671
4543
3646
8032
7301
9479
3813
46
4417
7545
7725
8791
2068
7006
857
8742
9834
391
3551
8423
8665
8468
4854
4082
8327
7779
4536
9108
9647
8517
592
9106
5365
5564
1517
8937
8603
7306
2401
5691
2833
551
3785
729
3503
21
2700
957
4530
9405
5174
3364
2697
9818
5731
2411
840
9784
5584
9024
4572
7387
2783
5246
856
1425
4402
2688
1773
4046
9541
7188
1850
4766
6953
2095
1620
3142
4807
1708
5627
4042
8160
5617
8825
4305
3455
8381
2828
337
5432
6648
1409
8519
2973
8971
5144
1954
5936
265
2790
1137
3740
2909
7872
6740
990
9173
8474
235
2132
8831
6763
711
6
6793
1323
3915
2622
3404
6249
2675
7926
3321
1968
3857
5794
7008
9678
7734
9737
3668
145
3744
8081
7127
710
8692
1967
9036
213
8979
5002
345
1406
196
9642
7651
3592
4638
8776
6382
6365
2861
7617
2978
8742
6418
2933
5376
6893
1424
461
8218
997
5155
6507
7455
3514
9974
9859
6146
6493
3734
3352
2617
6242
966
637
1795
7202
7580
1273
7251
2752
3137
4807
7454
8746
2237
1971
1898
7593
620
910
8269
5143
4248
29
4288
1660
9946
7698
7046
2333
5595
4643
3595
7137
9985
5794
1524
1509
8515
7904
7085
1245
6100
1864
736
6023
7939
172
2034
4410
5430
7195
3962
1370
4587
8484
3546
887
3597
5048
3954
9447
8700
9326
8721
6504
9734
6815
4910
8402
6355
6641
6470
8512
7021
6895
6880
275
3833
4647
6276
6498
8894
8834
6481
6857
5565
6017
4881
2424
315
1451
5266
4724
9366
1669
36
5925
2908
3255
8741
109
88
8140
6584
9437
1827
2100
1310
916
6669
3402