3228
3507
6973
7589
6199
6652
6616
7817
3911
4453
5414
9460
1581
15
2655
2761
7106
9348
8935
2600
2273
7392
6602
8738
1723
9154
3263
4148
7007
9626
38
7773
2120
6063
64
6575
6276
8861
8845
3003
3236
1198
7929
2041
1849
4184
3615
4071
4802
802
5848
3817
9900
5779
6099
6398
9130
2405
9665
7773
3903
290
3863
2452
5531
1749
4139
9345
7786
11
9298
7367
3682
5992
5565
1428
7422
8212
6128
5988
925
9867
2326
608
6866
4241
7675
5666
6850
4862
1276
5811
5382
204
6753
4992
9420
7765
9951
7087
3360
6205
8983
6314
2081
2090
6094
9600
9205
4461
4296
7740
4575
4314
9708
1002
3637
6159
1830
9791
2258
2749
5919
2213
9400
2356
9068
2622
9658
577
4197
9365
3877
6727
9918
4949
834
4172
850
7862
3064
16
442
3470
7398
2456
1305
1312
8654
6474
7093
785
3442
6766
9702
7863
2584
1186
9210
5881
3193
5200
5639
4833
851
8607
2591
673
6389
653
9227
9512
1604
6586
6961
4931
6603
6287
839
9316
1753
7075
7049
2911
7025
3982
8202
5725
3474
3948
4898
6339
853
926
6417
914
5843
5276
3644
4687
5314
5716
2630
4533
3646
4273
2448
5102
3045
1983
9370
5041
2058
3317
9865
5929
7986
336
3357
2560
992
4836
4690
3284
8126
5151
3231
6414
6346
5674
8455
5959
8249
9884
6995
186
5544
251
6825
501
7619
7139
1105
5461
5021
3335
9295
6978
4845
4388
689
7723
2057
9362
7005
1249
9578
1284
9122
2511
8608
9020
3770
1873
3507
1082
3259
8507
6308
234
5983
9834
4939
8517
9952
2706
3666
1660
1573
7662
9506
2354
5263
3773
6021
6475
9663
7171
9098
8487
3137
6769
1656
5016
4076
9584
7414
8384
1013
7142
6342
9070
2183
2831
780
827
6467
5619
2057
7306
6820
5506
5167
2729
3022
2545
9937
2456
2402
1097
8534
9988
9141
4714
5070
3365
1366
5185
4315
2998
3530
2982
9513
1749
5878
3813
5941
5039
4712
6505
6918
1532
6559
7103
7632
9029
3993
2378
7642
4969
1721
4553
2289
4768
5141
7441
4939
4252
7300
8862
3592
9299
7646
4402
1766
3073
3768
7332
6447
4279
9636
9739
7696
7221
6182
2587
3487
9961
690
6537
8916
1322
4694
2433
9259
2696
8495
1923
5616
6012
1499
964
2839
6075
6341
2656
10
6668
810
2417
5700
3606
7563
6185
1919
292
2942
424
8658
9900
3522
1711
2263
9820
8330
9079
1185
2516
7394
305
3836
2706
6232
6192
7057
3632
1356
8402
5314
9809
4154
9993
4465
1398
909
3023
159
436
2755
5739
8578
2781
1379
6512
6298
4650
7548
8344
6522
331
1674
4165
7768
6378
6160
881
3784
8329
9462
7161
3060
6631
2118
9341
7939
3067
5108
3337
6550
3770
7072
4830
1011
4785
1942
5538
3065
5672
2891
9174
1307
8030
934
6308
6831
7131
1283
5094
1337
449
8677
3864
6663
7821
4034
9204
787
614
2621
1251
6796
3652
433
9011
5963
5649
2601
2388
25
1512
5051
9075
3377
4427
9276
6646
8950
8191
1768
9462
6217
5825
5972
191
4360
4835
4856
7316
9284
8131
6319
93
4922
2075
498
8500
6980
8977
1609
5919
8932
5215
7404
2989
7797
7858
3532
4902
812
2646
6774
2806
6693
4970
656
1473
6451
4892
9032
7629
8598
3240
4224
9558
1942
3158
283
5444
7776
4753
7730
4497
9870
7733
4240
8571
1461
4230
606
5465
3227
6128
3916
9601
3899
4767
571
2545
6522
2248
4935
5705
4883
4836
3013
994
3613
1344
1552
3178
8236
2486
2937
5149
5040
5485
8985
1072
1095
1072
2078
7766
520
2939
5415
9245
8493
5317
2131
5551
5927
7889
5092
6999
7979
2446
2871
8844
5262
1077
8818
9263
7317
1120
5384
613
1430
8978
1943
1142
7604
1734
2455
8666
4447
9297
7966
7841
5207
1583
6199
8958
1063
1001
2847
4201
8093
9082
4423
2559
7341
1800
8878
1338
2307
5407
835
2725
5980
1651
3644
6869
6769
4304
279
7696
8025
5342
6335
1980
9418
1921
4854
1736
6279
216
388
5842
4808
2129
8152
1999
6128
7172
7817
9719
926
7894
2514
3405
6550
2777
950
7617
9715
9465
3446
7161
9034
1224
8748
8992
9912
4975
2888
7962
9702
2069
962
2769
4147
4373
5325
8327
4304
5408
2396
8820
5239
353
9477
7294
6547
4924
9476
9561
7972
6507
4321
3015
4897
4401
6851
4901
2912
5880
8757
8959
8734
7375
9750
8032
3835
830
6228
3336
908
660
9232
3255
2729
5199
9049
2404
1464
2163
6798
6277
4702
2209
5910
4811
2140
9594
4018
2257
525
8360
3369
2638
2210
5276
4403
732
3210
9482
6083
7493
2299
5043
6320
5903
2569
1613
4228
6693
1465
8625
5912
9306
6123
2866
6119
3151
5482
8478
8083
9445
9570
1029
7921
6989
229
2331
9373
925
8174
3544
4971
1186
1545
4059
3230
7634
7875
2479
2308
134
3573
5642
5537
1269
9667
7070
9766
4935
673
9395
9198
2956
8577
5391
7448
9725
2451
9864
113
1027
309
3069
5184
3594
8965
9400
2414
6216
2541
5458
791
3288
4348
7703
5771
557
4444
5678
8684
7673
9107
7488
1421
2469
8859
5618
1640
3310
4069
5200
2353
7513
6402
2737
4672
1831
8620
3034
2441
3573
9400
373
3087
959
7899
2941
5655
572
2686
5982
7813
8741
2426
8182
2811
2865
6399
5517
4616
9384
9736
8339
3448
3009
2448
8294
4640
8464
336
3056
375
1591
7046
7159
9044
2810
5287
9740
4257
2273
1235
8097
2370
9631
5564
9061
9350
6148
2337
1832
1750
630
51
2415
3610
3630
474
931
1282
5055
4583
2924
5312
5735
8303
2609
7233
7270
304
6462
1592
495
7503
8794
5497
9068
1054
28
218
4338
884
5448
8786
8873
5402
7325
4901
3229
4708
2198
9610
1931
1204
3195
4491
7682
9997
1729
3524
4778
7621
3269
3899
123
2191
2345
6986
3875
4547
2328
4636
3697