3319
8421
3111
9252
6018
454
9569
97
6961
2230
4779
1459
7358
756
3075
2625
8654
5533
2014
4620
2311
1765
1577
5002
7613
5973
1013
9949
9736
824
5702
6385
196
8452
6487
1538
5389
8571
218
5923
3655
6657
353
9345
8606
6005
953
4822
1940
1568
8475
4690
7434
6399
4980
4768
6408
1484
618
4019
3867
9683
8960
5222
26
5025
9621
3301
139
1189
8744
7298
6460
2598
4644
6844
8693
7550
5223
5467
2786
2855
4268
6610
8882
6287
5662
9346
4454
5154
9744
7937
9020
282
7743
3607
1784
3218
4569
4573
534
9336
9135
9660
1370
5785
5907
4499
911
4687
8109
5981
6491
434
999
4913
2346
5189
9541
6979
7157
7082
608
4910
2667
9857
1708
4600
9230
4737
2549
5890
6106
4079
8861
2730
9691
7813
3864
7877
9786
5625
7959
5872
8355
9909
967
9267
3833
8755
6089
1329
8460
5080
4303
3822
5944
6726
3850
2222
8082
5215
2264
3035
1489
2756
2754
4216
7244
3922
4043
2772
6384
980
3619
4824
543
982
9593
657
3531
3199
9966
9816
6346
4266
5846
3357
7036
9689
1300
2675
8881
8215
5683
4428
890
1543
5539
6051
2956
338
3763
746
4743
8953
3220
7386
1819
4186
6571
6281
540
4020
9951
7081
6307
8382
4332
428
8775
6609
1084
9636
327
4772
3687
1590
8381
7411
1761
5557
3671
28
2088
5320
8416
1840
3024
8989
9209
843
397
5320
2141
1117
785
4713
1137
4260
6312
3108
2666
6741
3466
7733
7411
7296
8655
3075
7408
3750
6490
1345
1073
2432
4459
492
8090
8609
9956
1800
4285
4970
5780
7677
2131
9282
7343
9808
9320
7930
8692
4229
1780
7166
2201
154
3354
1884
3877
778
1648
9282
9608
7273
6015
2311
9688
9879
816
1110
979
8287
152
8499
8369
8713
7128
3859
9139
5197
7403
248
3632
5305
4160
9535
4876
8973
9041
2051
4821
7997
882
7132
3544
969
9060
7894
7059
5501
7436
5784
1036
1484
8629
9952
5345
3165
7370
876
3843
2631
9685
1419
8515
761
3022
8069
3538
2349
7465
3045
5303
4953
8595
7440
5441
5784
7213
2155
9911
9791
8738
3770
8344
1454
9342
9246
6651
5386
124
4070
1341
4849
9870
6279
764
2521
6883
2317
2188
186
5457
4859
6728
5478
1781
9518
8393
8780
4298
4307
9757
220
1127
6877
7764
7407
7115
6481
3263
4122
9520
9696
7544
5021
7064
5871
1975
1362
6736
5323
7550
7540
4598
1607
8296
6969
4514
7480
6828
9723
6938
5871
2067
3276
398
125
1968
8672
4051
5432
9367
4420
2057
6118
4594
8101
3694
6072
2808
3657
2343
1916
1744
4009
44
6027
4271
3407
7910
1872
8183
8449
5419
628
6439
3895
5521
7655
897
2391
4290
6582
2461
8007
3071
3936
3310
2121
5874
5082
9523
5057
3084
9318
8076
1356
2570
386
5783
6621
6622
8784
3044
9090
978
8379
9783
8697
9154
6864
4343
4933
1734
2456
1768
386
2388
6157
3680
5763
8226
7055
6606
4515
8115
6502
6508
2875
9983
7801
1024
7570
4506
9908
6435
4615
2039
1087
1162
2669
3230
2330
7762
7802
9598
7483
9809
5309
6803
332
6593
9278
1431
1506
8303
1568
4189
7154
358
1705
7022
7872
5348
5649
7194
3180
1749
6642
5952
9720
7864
847
6108
4876
7453
6222
3994
878
8286
4189
1189
1007
6464
2573
3213
232
8257
8026
7004
5537
1237
9422
5728
3689
6095
3282
6512
8303
6502
5516
7876
2354
4000
8133
1978
3474
2730
4723
9943
785
880
2693
1341
1200
8368
2976
2430
9203
8713
8035
1997
766
525
6335
8536
3805
2736
2658
7552
913
8042
3853
1906
8377
4436
6526
9942
6130
893
5759
8044
2588
896
6700
846
1780
7504
8787
915
7967
998
5210
69
8345
311
92
625
7155
3314
1286
4189
1868
5201
2131
3491
2907
9624
9812
5180
3782
1001
6411
9135
6427
962
5022
8262
3328
2044
8869
1538
7764
9957
1487
2102
3854
2463
113
4677
564
7239
1981
1633
6003
6940
5354
230
3452
4039
1539
3752
9659
6115
8938
4921
5601
6955
1362
9125
3610
3014
1752
8469
4825
7317
5988
6943
7279
9285
9838
2009
2147
6586
181
5695
9308
9255
1482
7469
9605
6344
3590
5316
6195
1907
9540
2864
6202
7003
5751
8852
737
2274
6926
6930
294
2200
533
6474
679
4743
7278
1344
8196
616
727
278
7905
9169
5154
1066
2317
1182
3636
7395
4747
8984
2198
7374
6600
8869
4243
372
6494
275
1887
9835
4124
2678
5666
4673
2010
293
6412
9368
8665
373
3435
968
1810
9599
9592
8780
7999
149
4936
203
17
7022
1379
579
3965
3069
1577
4016
8030
9452
3239
1076
4436
4042
5687
1029
2044
238
498
6339
7296
9461
798
375
9392
4967
7634
7597
4012
4122
4558
6275
5693
5151
8823
5904
5078
8952
9965
5461
942
1491
9786
4177
968
1021
6962
4776
282
2177
4836
3312
533
178
3451
3205
7622
7603
7000
297
1104
6792
6847
5884
4125
5476
4567
2376
5936
1995
3045
4641
8668
301
4586
9764
8223
8118
8904
778
9559
3883
8091
3026
8289
485
6950
6500
5650
3754
5188
6218
9261
8780
1994
1744
8685
5459
9801
7495
7976
3200
4465
4740
3380
8067
5337
6100
965
2441
6473
4507
8372
3317
8279
911
2082
1830
5666
5219
7794
8435
5374
850
4016
3100
7243
6992
4618
34
7882
110
6750
6419
2962
5189
1234
8313
2338
5340
6604
2358
496
9956
1585
7570
4121
5992
2711
7292
3124
5865
7527
1712
3980
9735
2193
8375
9543
2462
3746
5285
2004
9714
1730
5496
9496
8315
2290
9628
6477
2515
8309
5357
5525
6103
8157
545
634
1010
2389
5108
4045
4499
5536
5241
3764
7889
2303
5004
2825
918
4715
885
8335
4124
5335
4385
1707
9751
9747
7407
7252
8233
7879
6386
7298
7383
5863
5464
1377
7606
8485
8351
5706
6682
5506
5840
8945