2660
1650
8679
5057
7614
260
4495
3023
7272
2571
1764
7400
2121
1186
6
5537
254
1519
6395
342
7227
8472
8629
5400
7726
2122
4081
5660
485
1979
2207
3196
4956
5686
8246
8420
3639
1889
9363
8483
9907
6516
200
52
6672
8664
7247
5372
6362
5231
1612
4190
5382
4104
4929
1401
9131
2761
4671
4069
305
7249
2474
8133
1540
8691
4884
4930
1935
8865
162
3462
1524
7183
4133
6643
5488
5027
661
4931
3939
30
5985
9147
1158
108
236
1000
2368
9063
1717
1271
5181
5177
7488
5116
1468
1129
1181
7399
9690
3078
5504
4076
9952
4976
8425
2887
3944
3229
8781
5275
14
6670
6053
8007
4720
2068
5583
2510
9507
5450
7002
8887
5294
4700
7376
272
1030
9965
9862
9085
6554
9622
984
6425
6935
160
3183
1469
1796
1447
6750
8974
8070
8833
3403
7935
5830
5063
5110
3706
4072
6464
1965
484
2276
9782
4005
1227
3681
7064
3377
147
8019
7725
794
4402
2038
9138
6140
8868
4449
8982
2552
4908
5340
9951
4999
754
7744
7522
1341
2382
1417
6731
7072
6824
8164
5588
3591
5737
2427
8748
5765
1964
5154
8214
6127
7727
9333
5611
8756
8503
6967
6612
3818
6546
6340
2539
5173
2775
5389
2158
5215
7633
4701
9511
7699
9036
6908
3913
3550
3479
847
9628
3869
1732
5937
7884
9615
703
7427
2789
4796
9707
2482
4677
7914
9274
1304
5328
8881
2520
3866
9577
3203
6182
467
9940
607
4600
5648
9564
1473
5088
149
4701
8195
7388
7099
6569
5743
3788
7675
4474
5788
6708
8326
7498
2765
9783
7371
3010
8694
8040
2426
7297
5907
3821
2293
1312
4413
6686
1045
6229
3923
530
7960
7212
8458
5983
1237
2312
6148
1882
5954
4865
1386
7635
6827
6054
4825
565
2095
4495
6540
3901
9785
1887
180
9349
3526
1855
402
4570
7007
7124
8186
6205
4213
4718
8112
2863
1885
3295
851
1441
5004
9537
606
2841
5526
9025
4594
8177
1696
7462
9656
5967
5553
3795
7974
93
688
3900
2380
5855
3208
6636
6285
3888
236
705
1713
2683
378
3530
4715
142
3651
1917
7397
8769
513
1644
1227
1857
2384
7809
7076
6293
7855
9126
2593
7092
9044
6712
9701
8796
4267
973
1656
2502
2014
3023
1349
1871
2181
7954
139
9900
9312
9449
1175
6776
1886
5276
401
8972
4826
9456
6051
5172
110
2521
9668
5417
3659
2264
8639
3426
9813
2321
3451
2844
9248
1668
4826
6149
4213
3213
8557
1348
1762
1138
5377
2791
614
6696
9508
6425
5933
5921
6095
2395
6601
9502
1564
2042
9539
1683
5766
7422
7896
8790
8469
2903
7966
5982
5214
4274
4887
7068
4720
3007
7491
8120
9852
49
1297
9906
1689
1668
9628
7052
4390
2085
5525
2137
1674
5761
988
5003
1939
3456
3130
4333
5322
3606
3143
859
535
7675
7352
6697
5645
8572
8303
8759
766
5167
1035
7648
6675
3567
9541
1042
6539
7358
4432
3868
380
3877
2626
9574
262
8391
6941
7620
5319
1028
2439
7971
6494
9541
5661
7427
9999
3765
8001
9087
9826
4433
2350
1754
834
1268
5157
8837
980
9986
9792
9964
9084
5567
6051
6651
1126
273
77
1574
1483
7033
1677
8414
9136
7016
7988
6366
1058
2625
3391
4415
3413
1271
4976
8396
8697
865
7341
7733
9929
5671
2969
6508
5379
9937
9538
1599
2623
1084
9191
2763
3363
6104
6455
2940
450
9656
3123
6655
2626
1294
3970
4506
7797
19
1212
5306
546
9545
6223
352
4446
87
8932
4056
9895
5257
9505
1513
1111
3193
6199
7271
6114
5053
5441
7019
6411
4235
5250
1430
1914
4051
7013
7973
6573
9281
4089
8810
6582
1944
4918
4607
2423
2962
9850
1718
466
7907
7508
70
6610
4211
8730
7680
8462
5145
2131
1392
8272
2494
2370
1541
6129
1558
4264
9756
6658
7079
7161
8148
1971
2709
6896
9758
1339
5993
409
4386
4865
8808
1892
1831
2422
1271
5998
6215
6978
1874
846
3615
2698
3072
9901
5836
9983
4222
3029
7853
9760
1759
25
475
1393
4967
9483
2876
701
9462
4509
1699
6619
453
6729
205
6220
6157
197
1076
5139
2103
6353
467
2249
7869
9510
2949
2671
509
5514
5110
8784
1791
7797
8196
5767
2388
7222
1326
8822
3145
6387
3671
1934
9006
4159
626
1445
8785
8536
1392
6913
3815
9681
2081
6784
6346
1076
4928
57
9325
2878
4468
5827
5923
2777
8410
111
2349
676
6532
5065
4469
552
4322
8945
5575
6674
6536
203
4925
7844
3339
348
1305
9677
123
4679
2289
119
2607
2464
2381
8616
8012
7917
1633
6620
1812
3279
6138
3827
6725
2010
6993
2720
6905
8742
5941
2241
1919
473
7088
1281
5232
8906
3680
7963
5978
6923
3503
3745
5158
9981
9199
6025
3215
2266
3225
2480
584
8995
6917
5668
7111
6971
2219
4642
3442
9934
1943
2041
4937
6090
1336
3774
2863
424
8053
2982
4872
1002
3183
513
4112
6402
2353
3312
476
6960
4970
2610
727
6391
7709
9283
6323
3480
460
623
3098
8136
8756
4410
9877
902
9611
2796
5917
5522
8350
2901
8759
4801
6462
5312
6207
8175
3022
8481
2090
7281
8849
4386
29
7334
5859
7844
4760
1310
2883
2861
3031
7642
6672
2066
138
9790
9475
278
6189
9482
3948
7026
5297
1777
7295
5147
8024
3661
8759
7837
9446
7590
7684
5815
2976
2168
1325
5866
1350
2255
4176
1695
3171
8348
5461
1838
2432
2240
2914
2296
3196
432
9788
7982
2946
9300
4520
4643
5119
5319
7052
805
3412
3348
9899
8365
3742
6292
8958
8564
5973
1591
6508
6164
3849
6553
8227
8387
6740
4931
3623
6194
9391
9128
9796
6278
6970
3614
9753
9802
1482
7733
3741
8983
6436
9348
7399
926
3464
6872
2741
5894
8857
1359
2349
7479
2499
6205
4875
9254
236
9441
4603
9472
7240
5355
3142
5231
4620
5893
5344
6051
4717
8158
6052